2 0.001 0.001
2 0.001 0.004
2 0.001 0.007
2 0.001 0.0001
2 0.001 0.0004
2 0.001 0.0007
2 0.004 0.001
2 0.004 0.004
2 0.004 0.007
2 0.004 0.0001
2 0.004 0.0004
2 0.004 0.0007
2 0.007 0.001
2 0.007 0.004
2 0.007 0.007
2 0.007 0.0001
2 0.007 0.0004
2 0.007 0.0007
2 0.0001 0.001
2 0.0001 0.004
2 0.0001 0.007
2 0.0001 0.0001
2 0.0001 0.0004
2 0.0001 0.0007
2 0.0004 0.001
2 0.0004 0.004
2 0.0004 0.007
2 0.0004 0.0001
2 0.0004 0.0004
2 0.0004 0.0007
2 0.0007 0.001
2 0.0007 0.004
2 0.0007 0.007
2 0.0007 0.0001
2 0.0007 0.0004
2 0.0007 0.0007
4 0.001 0.001
4 0.001 0.004
4 0.001 0.007
4 0.001 0.0001
4 0.001 0.0004
4 0.001 0.0007
4 0.004 0.001
4 0.004 0.004
4 0.004 0.007
4 0.004 0.0001
4 0.004 0.0004
4 0.004 0.0007
4 0.007 0.001
4 0.007 0.004
4 0.007 0.007
4 0.007 0.0001
4 0.007 0.0004
4 0.007 0.0007
4 0.0001 0.001
4 0.0001 0.004
4 0.0001 0.007
4 0.0001 0.0001
4 0.0001 0.0004
4 0.0001 0.0007
4 0.0004 0.001
4 0.0004 0.004
4 0.0004 0.007
4 0.0004 0.0001
4 0.0004 0.0004
4 0.0004 0.0007
4 0.0007 0.001
4 0.0007 0.004
4 0.0007 0.007
4 0.0007 0.0001
4 0.0007 0.0004
4 0.0007 0.0007
8 0.001 0.001
8 0.001 0.004
8 0.001 0.007
8 0.001 0.0001
8 0.001 0.0004
8 0.001 0.0007
8 0.004 0.001
8 0.004 0.004
8 0.004 0.007
8 0.004 0.0001
8 0.004 0.0004
8 0.004 0.0007
8 0.007 0.001
8 0.007 0.004
8 0.007 0.007
8 0.007 0.0001
8 0.007 0.0004
8 0.007 0.0007
8 0.0001 0.001
8 0.0001 0.004
8 0.0001 0.007
8 0.0001 0.0001
8 0.0001 0.0004
8 0.0001 0.0007
8 0.0004 0.001
8 0.0004 0.004
8 0.0004 0.007
8 0.0004 0.0001
8 0.0004 0.0004
8 0.0004 0.0007
8 0.0007 0.001
8 0.0007 0.004
8 0.0007 0.007
8 0.0007 0.0001
8 0.0007 0.0004
8 0.0007 0.0007
16 0.001 0.001
16 0.001 0.004
16 0.001 0.007
16 0.001 0.0001
16 0.001 0.0004
16 0.001 0.0007
16 0.004 0.001
16 0.004 0.004
16 0.004 0.007
16 0.004 0.0001
16 0.004 0.0004
16 0.004 0.0007
16 0.007 0.001
16 0.007 0.004
16 0.007 0.007
16 0.007 0.0001
16 0.007 0.0004
16 0.007 0.0007
16 0.0001 0.001
16 0.0001 0.004
16 0.0001 0.007
16 0.0001 0.0001
16 0.0001 0.0004
16 0.0001 0.0007
16 0.0004 0.001
16 0.0004 0.004
16 0.0004 0.007
16 0.0004 0.0001
16 0.0004 0.0004
16 0.0004 0.0007
16 0.0007 0.001
16 0.0007 0.004
16 0.0007 0.007
16 0.0007 0.0001
16 0.0007 0.0004
16 0.0007 0.0007
32 0.001 0.001
32 0.001 0.004
32 0.001 0.007
32 0.001 0.0001
32 0.001 0.0004
32 0.001 0.0007
32 0.004 0.001
32 0.004 0.004
32 0.004 0.007
32 0.004 0.0001
32 0.004 0.0004
32 0.004 0.0007
32 0.007 0.001
32 0.007 0.004
32 0.007 0.007
32 0.007 0.0001
32 0.007 0.0004
32 0.007 0.0007
32 0.0001 0.001
32 0.0001 0.004
32 0.0001 0.007
32 0.0001 0.0001
32 0.0001 0.0004
32 0.0001 0.0007
32 0.0004 0.001
32 0.0004 0.004
32 0.0004 0.007
32 0.0004 0.0001
32 0.0004 0.0004
32 0.0004 0.0007
32 0.0007 0.001
32 0.0007 0.004
32 0.0007 0.007
32 0.0007 0.0001
32 0.0007 0.0004
32 0.0007 0.0007
64 0.001 0.001
64 0.001 0.004
64 0.001 0.007
64 0.001 0.0001
64 0.001 0.0004
64 0.001 0.0007
64 0.004 0.001
64 0.004 0.004
64 0.004 0.007
64 0.004 0.0001
64 0.004 0.0004
64 0.004 0.0007
64 0.007 0.001
64 0.007 0.004
64 0.007 0.007
64 0.007 0.0001
64 0.007 0.0004
64 0.007 0.0007
64 0.0001 0.001
64 0.0001 0.004
64 0.0001 0.007
64 0.0001 0.0001
64 0.0001 0.0004
64 0.0001 0.0007
64 0.0004 0.001
64 0.0004 0.004
64 0.0004 0.007
64 0.0004 0.0001
64 0.0004 0.0004
64 0.0004 0.0007
64 0.0007 0.001
64 0.0007 0.004
64 0.0007 0.007
64 0.0007 0.0001
64 0.0007 0.0004
64 0.0007 0.0007
